2000000
2998000
3996000
4994000
5992000
6990000
7988000
8986000
9984000
10982000
11980000
12978000
13976000
14974000
15972000
16970000
17968000
18966000
19964000
20962000
21960000
22958000
23956000
24954000
25952000
26950000
27948000
28946000
29944000
30942000
31940000
32938000
33936000
34934000
35932000
36930000
37928000
38926000
39924000
40922000
41920000
42918000
43916000
44914000
45912000
46910000
47908000
48906000
49904000
50902000
51900000
52898000
53896000
54894000
55892000
56890000
57888000
58886000
59884000
60882000
61880000
62878000
63876000
64874000
65872000
66870000
67868000
68866000
69864000
70862000
71860000
72858000
73856000
74854000
75852000
76850000
77848000
78846000
79844000
80842000
81840000
82838000
83836000
84834000
85832000
86830000
87828000
88826000
89824000
90822000
91820000
92818000
93816000
94814000
95812000
96810000
97808000
98806000
99804000
100802000
101800000
102798000
103796000
104794000
105792000
106790000
107788000
108786000
109784000
110782000
111780000
112778000
113776000
114774000
115772000
116770000
117768000
118766000
119764000
120762000
121760000
122758000
123756000
124754000
125752000
126750000
127748000
128746000
129744000
130742000
131740000
132738000
133736000
134734000
135732000
136730000
137728000
138726000
139724000
140722000
141720000
142718000
143716000
144714000
145712000
146710000
147708000
148706000
149704000
150702000
151700000
152698000
153696000
154694000
155692000
156690000
157688000
158686000
159684000
160682000
161680000
162678000
163676000
164674000
165672000
166670000
167668000
168666000
169664000
170662000
171660000
172658000
173656000
174654000
175652000
176650000
177648000
178646000
179644000
180642000
181640000
182638000
183636000
184634000
185632000
186630000
187628000
188626000
189624000
190622000
191620000
192618000
193616000
194614000
195612000
196610000
197608000
198606000
199604000
200602000
201600000
202598000
203596000
204594000
205592000
206590000
207588000
208586000
209584000
210582000
211580000
212578000
213576000
214574000
215572000
216570000
217568000
218566000
219564000
220562000
221560000
222558000
223556000
224554000
225552000
226550000
227548000
228546000
229544000
230542000
231540000
232538000
233536000
234534000
235532000
236530000
237528000
238526000
239524000
240522000
241520000
242518000
243516000
244514000
245512000
246510000
247508000
248506000
249504000
250502000
251500000
252498000
253496000
254494000
255492000
256490000
257488000
258486000
259484000
260482000
261480000
262478000
263476000
264474000
265472000
266470000
267468000
268466000
269464000
270462000
271460000
272458000
273456000
274454000
275452000
276450000
277448000
278446000
279444000
280442000
281440000
282438000
283436000
284434000
285432000
286430000
287428000
288426000
289424000
290422000
291420000
292418000
293416000
294414000
295412000
296410000
297408000
298406000
299404000
300402000
301400000
302398000
303396000
304394000
305392000
306390000
307388000
308386000
309384000
310382000
311380000
312378000
313376000
314374000
315372000
316370000
317368000
318366000
319364000
320362000
321360000
322358000
323356000
324354000
325352000
326350000
327348000
328346000
329344000
330342000
331340000
332338000
333336000
334334000
335332000
336330000
337328000
338326000
339324000
340322000
341320000
342318000
343316000
344314000
345312000
346310000
347308000
348306000
349304000
350302000
351300000
352298000
353296000
354294000
355292000
356290000
357288000
358286000
359284000
360282000
361280000
362278000
363276000
364274000
365272000
366270000
367268000
368266000
369264000
370262000
371260000
372258000
373256000
374254000
375252000
376250000
377248000
378246000
379244000
380242000
381240000
382238000
383236000
384234000
385232000
386230000
387228000
388226000
389224000
390222000
391220000
392218000
393216000
394214000
395212000
396210000
397208000
398206000
399204000
400202000
401200000
402198000
403196000
404194000
405192000
406190000
407188000
408186000
409184000
410182000
411180000
412178000
413176000
414174000
415172000
416170000
417168000
418166000
419164000
420162000
421160000
422158000
423156000
424154000
425152000
426150000
427148000
428146000
429144000
430142000
431140000
432138000
433136000
434134000
435132000
436130000
437128000
438126000
439124000
440122000
441120000
442118000
443116000
444114000
445112000
446110000
447108000
448106000
449104000
450102000
451100000
452098000
453096000
454094000
455092000
456090000
457088000
458086000
459084000
460082000
461080000
462078000
463076000
464074000
465072000
466070000
467068000
468066000
469064000
470062000
471060000
472058000
473056000
474054000
475052000
476050000
477048000
478046000
479044000
480042000
481040000
482038000
483036000
484034000
485032000
486030000
487028000
488026000
489024000
490022000
491020000
492018000
493016000
494014000
495012000
496010000
497008000
498006000
499004000
500002000
501000000
501998000
502996000
503994000
504992000
505990000
506988000
507986000
508984000
509982000
510980000
511978000
512976000
513974000
514972000
515970000
516968000
517966000
518964000
519962000
520960000
521958000
522956000
523954000
524952000
525950000
526948000
527946000
528944000
529942000
530940000
531938000
532936000
533934000
534932000
535930000
536928000
537926000
538924000
539922000
540920000
541918000
542916000
543914000
544912000
545910000
546908000
547906000
548904000
549902000
550900000
551898000
552896000
553894000
554892000
555890000
556888000
557886000
558884000
559882000
560880000
561878000
562876000
563874000
564872000
565870000
566868000
567866000
568864000
569862000
570860000
571858000
572856000
573854000
574852000
575850000
576848000
577846000
578844000
579842000
580840000
581838000
582836000
583834000
584832000
585830000
586828000
587826000
588824000
589822000
590820000
591818000
592816000
593814000
594812000
595810000
596808000
597806000
598804000
599802000
600800000
601798000
602796000
603794000
604792000
605790000
606788000
607786000
608784000
609782000
610780000
611778000
612776000
613774000
614772000
615770000
616768000
617766000
618764000
619762000
620760000
621758000
622756000
623754000
624752000
625750000
626748000
627746000
628744000
629742000
630740000
631738000
632736000
633734000
634732000
635730000
636728000
637726000
638724000
639722000
640720000
641718000
642716000
643714000
644712000
645710000
646708000
647706000
648704000
649702000
650700000
651698000
652696000
653694000
654692000
655690000
656688000
657686000
658684000
659682000
660680000
661678000
662676000
663674000
664672000
665670000
666668000
667666000
668664000
669662000
670660000
671658000
672656000
673654000
674652000
675650000
676648000
677646000
678644000
679642000
680640000
681638000
682636000
683634000
684632000
685630000
686628000
687626000
688624000
689622000
690620000
691618000
692616000
693614000
694612000
695610000
696608000
697606000
698604000
699602000
700600000
701598000
702596000
703594000
704592000
705590000
706588000
707586000
708584000
709582000
710580000
711578000
712576000
713574000
714572000
715570000
716568000
717566000
718564000
719562000
720560000
721558000
722556000
723554000
724552000
725550000
726548000
727546000
728544000
729542000
730540000
731538000
732536000
733534000
734532000
735530000
736528000
737526000
738524000
739522000
740520000
741518000
742516000
743514000
744512000
745510000
746508000
747506000
748504000
749502000
750500000
751498000
752496000
753494000
754492000
755490000
756488000
757486000
758484000
759482000
760480000
761478000
762476000
763474000
764472000
765470000
766468000
767466000
768464000
769462000
770460000
771458000
772456000
773454000
774452000
775450000
776448000
777446000
778444000
779442000
780440000
781438000
782436000
783434000
784432000
785430000
786428000
787426000
788424000
789422000
790420000
791418000
792416000
793414000
794412000
795410000
796408000
797406000
798404000
799402000
800400000
801398000
802396000
803394000
804392000
805390000
806388000
807386000
808384000
809382000
810380000
811378000
812376000
813374000
814372000
815370000
816368000
817366000
818364000
819362000
820360000
821358000
822356000
823354000
824352000
825350000
826348000
827346000
828344000
829342000
830340000
831338000
832336000
833334000
834332000
835330000
836328000
837326000
838324000
839322000
840320000
841318000
842316000
843314000
844312000
845310000
846308000
847306000
848304000
849302000
850300000
851298000
852296000
853294000
854292000
855290000
856288000
857286000
858284000
859282000
860280000
861278000
862276000
863274000
864272000
865270000
866268000
867266000
868264000
869262000
870260000
871258000
872256000
873254000
874252000
875250000
876248000
877246000
878244000
879242000
880240000
881238000
882236000
883234000
884232000
885230000
886228000
887226000
888224000
889222000
890220000
891218000
892216000
893214000
894212000
895210000
896208000
897206000
898204000
899202000
900200000
901198000
902196000
903194000
904192000
905190000
906188000
907186000
908184000
909182000
910180000
911178000
912176000
913174000
914172000
915170000
916168000
917166000
918164000
919162000
920160000
921158000
922156000
923154000
924152000
925150000
926148000
927146000
928144000
929142000
930140000
931138000
932136000
933134000
934132000
935130000
936128000
937126000
938124000
939122000
940120000
941118000
942116000
943114000
944112000
945110000
946108000
947106000
948104000
949102000
950100000
951098000
952096000
953094000
954092000
955090000
956088000
957086000
958084000
959082000
960080000
961078000
962076000
963074000
964072000
965070000
966068000
967066000
968064000
969062000
970060000
971058000
972056000
973054000
974052000
975050000
976048000
977046000
978044000
979042000
980040000
981038000
982036000
983034000
984032000
985030000
986028000
987026000
988024000
989022000
990020000
991018000
992016000
993014000
994012000
995010000
996008000
997006000
998004000
999002000
1000000000